172.71196333472858 0.                0.                 0.                 0.                 0.                 0.                 0.                 0.                 0.                0.                 0.                 0.
0.                 44.31240016729878 7.855566847521775  0.                 0.                 0.                 0.                 0.                 0.                 0.                0.                 0.                 0.
0.                 7.855566847521767 6.8295197906885825 0.                 0.                 0.                 0.                 0.                 0.                 0.                0.                 0.                 0.
0.                 0.                0.                 36.60683125027839  7.7977888512621565 0.                 0.                 0.                 0.                 0.                0.                 0.                 0.
0.                 0.                0.                 7.7977888512621565 10.632130870053931 0.                 0.                 0.                 0.                 0.                0.                 0.                 0.
0.                 0.                0.                 0.                 0.                 43.44512663078291  12.139539054296769 0.                 0.                 0.                0.                 0.                 0.
0.                 0.                0.                 0.                 0.                 12.139539054296769 28.133272882673968 0.                 0.                 0.                0.                 0.                 0.
0.                 0.                0.                 0.                 0.                 0.                 0.                 11.283850979945163 6.496592506339567  0.                0.                 0.                 0.
0.                 0.                0.                 0.                 0.                 0.                 0.                 6.496592506339567  23.572462183632513 0.                0.                 0.                 0.
0.                 0.                0.                 0.                 0.                 0.                 0.                 0.                 0.                 2.267572454210266 1.649667255376081  0.                 0.
0.                 0.                0.                 0.                 0.                 0.                 0.                 0.                 0.                 1.649667255376081 4.9268073217809984 0.                 0.
0.                 0.                0.                 0.                 0.                 0.                 0.                 0.                 0.                 0.                0.                 120.19936980644718 9.839037265269269
0.                 0.                0.                 0.                 0.                 0.                 0.                 0.                 0.                 0.                0.                 9.839037265269265  4.342880705445402
