19.95074659434521          0.0            0.0            0.0            0.0      3.6385582928211533         0.0                0.0            0.0            0.0    
0.0                11.857242593491987     0.0            0.0            0.0            0.0           2.6560223409422052        0.0            0.0            0.0       
0.0                        0.0      15.029359794240609   0.0            0.0            0.0                  0.0        4.677136767967679      0.0            0.0   
0.0                        0.0            0.0     2.616133088324308     0.0            0.0                  0.0                0.0      1.908282221283417    0.0   
0.0                        0.0            0.0            0.0     1.4650825936590866    0.0                  0.0                0.0            0.0      3.864198431440359 
3.6385582928211555         0.0            0.0            0.0            0.0     3.3510391350351405          0.0                0.0            0.0            0.0   
0.0                 2.6560223409422052    0.0            0.0            0.0            0.0           3.372726782148832         0.0            0.0            0.0   
0.0                        0.0      4.677136767967679    0.0            0.0            0.0                  0.0          9.618790268313992    0.0            0.0   
0.0                        0.0            0.0      1.908282221283417    0.0            0.0                  0.0                0.0       7.060889814916116   0.0   
0.0                        0.0            0.0            0.0      3.864198431440359    0.0                  0.0                0.0            0.0     44.794013140386454
